default level set

no coment character as such, but if
line is less than 40 characters long
it will be dropped.


level 1:

1111111111111111111111111111111111111111
1000000000000000000000000000000000000001
1000000000000000000000000000000000000001
1000000000000000000000000000000000000001
1000000000000000000000000000000000000001
1000000000000000000000000000000000000001
1000000000000000000000000000000000000001
1000000000000000000000000000000000000001
1000000000000000000000000000000000000001
1000000000000000000000000000000000000001
1000000000000000000000000000000000000001
1000000000000000000000000000000000000001
1000000000000000000000000000000000000001
1000000000000000000000000000000000000001
1000000000000000000000000000000000000001
1000000000000000000000000000000000000001
1000000000000000000000000000000000000001
1000000000000000000000000000000000000001
1000000000000000000000000000000000000001
1000000000000000000000000000000000000001
1000000000000000000000000000000000000001
1000000000000000000000000000000000000001
1000000000000000000000000000000000000001
1000000000000000000000000000000000000001
1000000000000000000000000000000000000001
1000000000000000000000000000000000000001
1000000000000000000000000000000000000001
1000000000000000000000000000000000000001
1111111111111111111111111111111111111111









Level 2:

1111111111111111111111111111111111111111
1000000000000000000000000000000000000001
1000000000000000000000000000000000000001
1000000000000000000000000000000000000001
1000000000000000000000000000000000000001
1000000000000000000000000000000000000001
1000000000000000000000000000000000000001
1000000000000000000000000000000000000001
1000000000000000000000000000000000000001
1000000000000000000000000000000000000001
1000000000000000000000000000000000000001
1000000000000000000000000000000000000001
1000000000000000000000000000000000000001
1000000000000000000000000000000000000001
1000001111111111111111111111111111000001
1000000000000000000000000000000000000001
1000000000000000000000000000000000000001
1000000000000000000000000000000000000001
1000000000000000000000000000000000000001
1000000000000000000000000000000000000001
1000000000000000000000000000000000000001
1000000000000000000000000000000000000001
1000000000000000000000000000000000000001
1000000000000000000000000000000000000001
1000000000000000000000000000000000000001
1000000000000000000000000000000000000001
1000000000000000000000000000000000000001
1000000000000000000000000000000000000001
1111111111111111111111111111111111111111









Level 3:

1111111111111111111111111111111111111111
1000000000000000000000000000000000000001
1000000000000000000000000000000000000001
1000000000000000000000000000000000000001
1000000000000000000000000000000000000001
1000000000000000000000000000000000000001
1000000000000000000000000000000000000001
1000000000000000000000000000000000000001
1000000111111111111111111111111110000001
1000000000000000000000000000000000000001
1000000000000000000000000000000000000001
1000000000000000000000000000000000000001
1000000000000000000000000000000000000001
1000000000000000000000000000000000000001
1000000000000000000000000000000000000001
1000000000000000000000000000000000000001
1000000000000000000000000000000000000001
1000000000000000000000000000000000000001
1000000000000000000000000000000000000001
1000000000000000000000000000000000000001
1000000111111111111111111111111110000001
1000000000000000000000000000000000000001
1000000000000000000000000000000000000001
1000000000000000000000000000000000000001
1000000000000000000000000000000000000001
1000000000000000000000000000000000000001
1000000000000000000000000000000000000001
1000000000000000000000000000000000000001
1111111111111111111111111111111111111111









Level 4:

1111111111111111111111111111111111111111
1000000100000000000000000000000000000001
1000000100000000000000000000000000000001
1000000100000000000000000000000000000001
1000000100000000000000000000000000000001
1000000100000000000000000000000000000001
1000000100000000000000000000000000000001
1000000100000011111111111111111111111111
1000000100000000000000000000000000000001
1000000100000000000000000000000000000001
1000000100000000000000000000000000000001
1000000100000000000000000000000000000001
1000000100000000000000000000000000000001
1000000100000000000000000000000000000001
1000000100000000000000000000000010000001
1000000100000000000000000000000010000001
1000000000000000000000000000000010000001
1000000000000000000000000000000010000001
1000000000000000000000000000000010000001
1000000000000000000000000000000010000001
1000000000000000000000000000000010000001
1000000000000000000000000000000010000001
1111111111111111111111111100000010000001
1000000000000000000000000000000010000001
1000000000000000000000000000000010000001
1000000000000000000000000000000010000001
1000000000000000000000000000000010000001
1000000000000000000000000000000010000001
1111111111111111111111111111111111111111









Level 5:

1111111111111111111111111111111111111111
1000000000000000000000000000000000000001
1000000000000000000000000000000000000001
1000000000000000000000000000000000000001
1000000000000000000000000000000000000001
1000000000000000000000000000000000000001
1000000011111111111111111111111100000001
1000000000000000000000000000000000000001
1000001000000000000000000000000001000001
1000001000000000000000000000000001000001
1000001000000000000000000000000001000001
1000001000000000000000000000000001000001
1000001000000000000000000000000001000001
1000001000000000000000000000000001000001
1000001000000000000000000000000001000001
1000001000000000000000000000000001000001
1000001000000000000000000000000001000001
1000001000000000000000000000000001000001
1000001000000000000000000000000001000001
1000001000000000000000000000000001000001
1000001000000000000000000000000001000001
1000000000000000000000000000000000000001
1000000011111111111111111111111100000001
1000000000000000000000000000000000000001
1000000000000000000000000000000000000001
1000000000000000000000000000000000000001
1000000000000000000000000000000000000001
1000000000000000000000000000000000000001
1111111111111111111111111111111111111111









Level 6:

1111111111111111111111111111111111111111
1000000000000000000000000000000000000001
1000000000000000000000000000000000000001
1000000000000000000000000000000000000001
1000000000000000000000000000000000000001
1000000000000000000000000000000000000001
1000001000000000010000000000000000000001
1000000100000000001000000000000000000001
1000000010000000000100000000000000000001
1000000001000000000010000000000000000001
1000000000100000000001000000000000000001
1000000000010000000000100000000000000001
1000000000001000000000010000000000000001
1000000000000100000000001000000000000001
1000000000000010000000000100000000000001
1000000000000001000000000010000000000001
1000000000000000100000000001000000000001
1000000000000000010000000000100000000001
1000000000000000001000000000010000000001
1000000000000000000100000000001000000001
1000000000000000000010000000000100000001
1000000000000000000001000000000010000001
1000000000000000000000100000000001000001
1000000000000000000000000000000000000001
1000000000000000000000000000000000000001
1000000000000000000000000000000000000001
1000000000000000000000000000000000000001
1000000000000000000000000000000000000001
1111111111111111111111111111111111111111









Level 7:

1111111111111111111111111111111111111111
1000010000100001000010000100001000010001
1000010000100001000010000100001000010001
1000010000100001000010000100001000010001
1000010000100001000010000100001000010001
1000010000100001000010000100001000010001
1000010000100001000010000100001000010001
1000010000100001000010000100001000010001
1000010000100001000010000100001000010001
1000010000100001000010000100001000010001
1000010000100001000010000100001000010001
1000010000100001000010000100001000010001
1000000000000000000000000000000000000001
1000000000000000000000000000000000000001
1000000000000000000000000000000000000001
1000000000000000000000000000000000000001
1000000000000000000000000000000000000001
1000010000100001000010000100001000010001
1000010000100001000010000100001000010001
1000010000100001000010000100001000010001
1000010000100001000010000100001000010001
1000010000100001000010000100001000010001
1000010000100001000010000100001000010001
1000010000100001000010000100001000010001
1000010000100001000010000100001000010001
1000010000100001000010000100001000010001
1000010000100001000010000100001000010001
1000010000100001000010000100001000010001
1111111111111111111111111111111111111111









Level 8:

1111111111111111111111111111111111111111
1000010000000001000000000100000000010001
1000010000000001000000000100000000010001
1000010000000001000000000100000000010001
1000010000000001000000000100000000010001
1000010000000001000000000100000000010001
1000010000000001000000000100000000010001
1000010000100001000010000100001000010001
1000010000100001000010000100001000010001
1000010000100001000010000100001000010001
1000010000100001000010000100001000010001
1000010000100001000010000100001000010001
1000010000100001000010000100001000010001
1000010000100001000010000100001000010001
1000010000100001000010000100001000010001
1000010000100001000010000100001000010001
1000010000100001000010000100001000010001
1000010000100001000010000100001000010001
1000010000100001000010000100001000010001
1000010000100001000010000100001000010001
1000010000100001000010000100001000010001
1000010000100001000010000100001000010001
1000000000100000000010000000001000000001
1000000000100000000010000000001000000001
1000000000100000000010000000001000000001
1000000000100000000010000000001000000001
1000000000100000000010000000001000000001
1000000000100000000010000000001000000001
1111111111111111111111111111111111111111









Level 9:

1111111111111111111111111111111111111111
1000000001000000000000000000000000000001
1000000000000000000000000000000100000001
1000000001000000000000000000000000000001
1000000000000000000000000000000100000001
1000000001000000000000000000000000000001
1000000000000000000000000000000100000001
1000000001000000000000000000000000000001
1000000000000000000000000000000100000001
1000000001000000000000000000000000000001
1000000000000000000000000000000100000001
1000000001000000000000000000000000000001
1000000000000000000000000000000100000001
1000000001000000000000000000000000000001
1000000000000000000000000000000100000001
1000000001000000000000000000000000000001
1000000000000000000000000000000100000001
1000000001000000000000000000000000000001
1000000000000000000000000000000100000001
1000000001000000000000000000000000000001
1000000000000000000000000000000100000001
1000000001000000000000000000000000000001
1000000000000000000000000000000100000001
1000000001000000000000000000000000000001
1000000000000000000000000000000100000001
1000000001000000000000000000000000000001
1000000000000000000000000000000100000001
1000000001000000000000000000000000000001
1111111111111111111111111111111111111111









Level 10:

1111111111111111111111111111111111111111
1000000000000000000000000000000000000001
1000000000000000000000000000000000000001
1000000000000000000000000000000000000001
1000000000000000000000000000000000000001
1000000000000000000000000000000000000001
1000000000000000000000000000000000000001
1000000000000000000000000000000000000001
1000000000000000000000000000000000000001
1000000000000000000000000000000000000001
1000001000000001000000101111111100000001
1000001000000001000000101000000000000001
1000001000000001000000101000000000000001
1000001000000000100001001000000000000001
1000001000000000010010001000000000000001
1000001000000000001100001111110000000001
1000001000000000001100001000000000000001
1000001000000000010010001000000000000001
1000001000000000100001001000000000000001
1000001000000001000000101000000000000001
1000001000000001000000101000000000000001
1000001111111101000000101000000000000001
1000000000000000000000000000000000000001
1000000000000000000000000000000000000001
1000000000000000000000000000000000000001
1000000000000000000000000000000000000001
1000000000000000000000000000000000000001
1000000000000000000000000000000000000001
1111111111111111111111111111111111111111